0.406659,0.550577,0.042764
0.135392,0.321635,0.542973
0.047565,0.240571,0.711864
0.129575,0.426631,0.443793
0.369090,0.487572,0.143338
0.155971,0.303651,0.540378
0.560461,0.353884,0.085656
0.148465,0.376640,0.474895
0.491338,0.457357,0.051305
0.033890,0.224539,0.741571
0.095156,0.270267,0.634578
0.519852,0.400430,0.079719
0.504321,0.391924,0.103756
0.137926,0.474737,0.387337
0.441463,0.538921,0.019616
0.031944,0.143892,0.824165
0.161251,0.435688,0.403061
0.119972,0.330369,0.549659
0.161043,0.418107,0.420850
0.084135,0.261995,0.653869
0.080719,0.264760,0.654521
0.426044,0.505938,0.068018
0.527670,0.439153,0.033177
0.146507,0.505589,0.347904
0.253544,0.554502,0.191954
0.388049,0.488044,0.123906
0.184497,0.475019,0.340485
0.142576,0.365475,0.491949
0.464997,0.370310,0.164694
0.083247,0.512016,0.404737
0.485259,0.487134,0.027607
0.143273,0.400853,0.455874
0.049778,0.277253,0.672968
0.076997,0.537658,0.385345
0.097206,0.360432,0.542362
0.176994,0.386475,0.436531
0.210115,0.395062,0.394823
0.359810,0.564563,0.075627
0.228335,0.402170,0.369495
0.064514,0.243189,0.692297
0.109242,0.322471,0.568286
0.154026,0.363772,0.482202
0.133274,0.339074,0.527652
0.048854,0.248034,0.703111
0.414940,0.563276,0.021784
0.131857,0.331318,0.536825
0.194742,0.386963,0.418295
0.626311,0.350218,0.023471
0.049515,0.342252,0.608234
0.027232,0.171943,0.800825
0.131926,0.428125,0.439950
0.464664,0.488454,0.046881
0.200417,0.402608,0.396975
0.075424,0.452622,0.471954
0.054769,0.235968,0.709263
0.476686,0.423302,0.100013
0.040901,0.341434,0.617665
0.456272,0.445730,0.097998
0.236802,0.557102,0.206096
0.137900,0.509816,0.352284
0.128453,0.539236,0.332311
0.311482,0.451834,0.236683
0.076523,0.317228,0.606249
0.021087,0.118261,0.860652
0.151822,0.494314,0.353864
0.193682,0.433884,0.372434
0.424223,0.532136,0.043641
0.051573,0.311870,0.636557
0.109314,0.562229,0.328458
0.140932,0.429707,0.429362
0.058729,0.327342,0.613929
0.113398,0.340330,0.546272
0.312786,0.572054,0.115160
0.129298,0.352660,0.518042
0.264295,0.587660,0.148045
0.101759,0.305247,0.592994
0.564366,0.405481,0.030153
0.255382,0.378158,0.366461
0.121207,0.500611,0.378182
0.321235,0.564972,0.113794
0.412688,0.457459,0.129853
0.515342,0.448793,0.035865
0.157971,0.399162,0.442868
0.121333,0.337828,0.540839
0.151717,0.459564,0.388718
0.751612,0.243485,0.004903
0.156472,0.343502,0.500025
0.117589,0.322071,0.560341
0.336341,0.599258,0.064401
0.208609,0.314179,0.477212
0.084660,0.338117,0.577223
0.171242,0.418831,0.409927
0.444158,0.414307,0.141534
0.082737,0.377274,0.539989
0.178333,0.508869,0.312798
0.403996,0.440165,0.155839
0.572775,0.400258,0.026968
0.088111,0.407452,0.504437
0.141354,0.679940,0.178705
0.249272,0.495614,0.255114
0.172892,0.342500,0.484607
0.560879,0.411920,0.027201
0.241976,0.526264,0.231760
0.068900,0.194219,0.736880
0.237235,0.458227,0.304539
0.445175,0.505517,0.049309
0.568891,0.404507,0.026602
0.058376,0.308665,0.632959
0.070644,0.418715,0.510641
0.377606,0.507049,0.115345
0.116567,0.316502,0.566930
0.103446,0.325763,0.570790
0.110558,0.332336,0.557105
0.332153,0.449410,0.218437
0.139996,0.309949,0.550055
0.082817,0.278235,0.638947
0.084310,0.384698,0.530992
0.426960,0.467050,0.105990
0.232560,0.476723,0.290717
0.391989,0.434175,0.173836
0.141425,0.353981,0.504594
0.056758,0.336125,0.607116
0.442672,0.538134,0.019194
0.434954,0.446404,0.118642
0.164968,0.543984,0.291049
0.135849,0.371332,0.492819
0.053228,0.218455,0.728316
0.043507,0.242836,0.713657
0.175573,0.387085,0.437342
0.037247,0.239682,0.723071
0.066313,0.398014,0.535673
0.266143,0.441921,0.291936
0.095761,0.367347,0.536892
0.136614,0.323849,0.539536
0.174193,0.476265,0.349542
0.276014,0.558007,0.165980
0.336815,0.566359,0.096826
0.116917,0.318279,0.564804
0.151979,0.528625,0.319396
0.199824,0.503077,0.297099
0.144380,0.307652,0.547968
0.064042,0.419718,0.516240
0.377970,0.412133,0.209896
0.142963,0.429013,0.428024
0.084328,0.447095,0.468577
0.041416,0.200433,0.758151
0.527174,0.416449,0.056377
0.297386,0.417166,0.285449
0.443096,0.475945,0.080960
0.174694,0.433040,0.392267
0.148482,0.342289,0.509229
0.047430,0.276795,0.675775
0.304835,0.359894,0.335271
0.095971,0.332946,0.571084
0.099341,0.421266,0.479392
0.154605,0.268987,0.576408
0.494463,0.454937,0.050600
0.056120,0.304703,0.639176
0.282594,0.462841,0.254564
0.048952,0.252509,0.698539
0.065432,0.453055,0.481512
0.126005,0.457216,0.416780
0.075737,0.264941,0.659321
0.199367,0.369867,0.430766
0.282119,0.520338,0.197543
0.168720,0.233643,0.597637
0.241515,0.321041,0.437444
0.062273,0.321530,0.616198
0.079494,0.326118,0.594388
0.499099,0.376986,0.123915
0.397512,0.553106,0.049382
0.105005,0.421535,0.473460
0.370810,0.519579,0.109611
0.122134,0.372496,0.505370
0.571912,0.376439,0.051648
0.298773,0.465966,0.235261
0.138759,0.282708,0.578533
0.154474,0.425398,0.420128
0.178644,0.327129,0.494227
0.369910,0.586435,0.043654
0.182243,0.355130,0.462627
0.108787,0.340618,0.550595
0.077253,0.498889,0.423858
0.158590,0.395652,0.445758
0.339494,0.560130,0.100376
0.464641,0.471737,0.063621
0.349237,0.431711,0.219052
0.534202,0.408385,0.057413
0.453851,0.496782,0.049367
0.132024,0.398535,0.469440
0.266802,0.330804,0.402394
0.033863,0.161828,0.804309
0.405876,0.544476,0.049648
0.250833,0.558832,0.190334
0.150398,0.440823,0.408778
0.281040,0.652473,0.066486
0.208197,0.347337,0.444466
0.277209,0.542796,0.179995
0.598801,0.398321,0.002878
0.245102,0.384625,0.370273
0.147824,0.374134,0.478042
0.121901,0.407482,0.470617
0.067237,0.370731,0.562032
0.164032,0.421200,0.414768
0.149004,0.317912,0.533084
0.044727,0.203803,0.751470
0.242510,0.401308,0.356182
0.412418,0.429780,0.157802
0.541689,0.325431,0.132880
0.312262,0.564651,0.123087
0.381217,0.493786,0.124997
0.086158,0.325400,0.588442
0.105362,0.445881,0.448757
0.327466,0.421850,0.250683
0.061621,0.259926,0.678454
0.201087,0.641529,0.157384
0.158137,0.433107,0.408756
0.317280,0.458356,0.224364
0.382280,0.406750,0.210970
0.074146,0.309026,0.616828
0.129583,0.358997,0.511420
0.157895,0.242151,0.599954
0.306148,0.525380,0.168472
0.311473,0.555776,0.132751
0.188205,0.482137,0.329658
0.077344,0.334720,0.587936
0.049583,0.478359,0.472058
0.075296,0.410948,0.513756
0.222504,0.375102,0.402393
0.185400,0.450144,0.364455
0.483946,0.469427,0.046628
0.205099,0.542976,0.251925
0.152410,0.297739,0.549851
0.105865,0.310406,0.583728
0.074797,0.261903,0.663300
0.208512,0.518655,0.272833
0.128335,0.312606,0.559059
0.153260,0.519638,0.327101
0.181681,0.412792,0.405527
0.130126,0.428320,0.441554
0.089784,0.294444,0.615772
0.338789,0.614386,0.046825
0.483292,0.498740,0.017968
0.348672,0.432230,0.219098
0.390220,0.467582,0.142198
0.157291,0.407762,0.434947
0.284273,0.497938,0.217789
0.277037,0.462417,0.260546
0.092170,0.503134,0.404696
0.293841,0.489494,0.216665
0.106387,0.279139,0.614475
0.298640,0.403273,0.298087
0.110929,0.332120,0.556951
0.658734,0.300094,0.041173
0.115258,0.277747,0.606995
0.222501,0.430393,0.347106
0.132591,0.356546,0.510862
0.048651,0.296711,0.654637
0.212534,0.452804,0.334662
0.140083,0.400993,0.458925
0.092087,0.366685,0.541228
0.277796,0.498644,0.223560
0.043945,0.333127,0.622928
0.637839,0.331217,0.030944
0.144368,0.446755,0.408876
0.131660,0.349500,0.518840
0.129130,0.500401,0.370469
0.070820,0.326281,0.602899
0.571281,0.362273,0.066445
0.427147,0.495454,0.077398
0.043003,0.206984,0.750013
0.132737,0.519474,0.347789
0.618765,0.351754,0.029481
0.198212,0.425488,0.376300
0.072386,0.331363,0.596251
0.687826,0.304516,0.007659
0.290773,0.515534,0.193693
0.090062,0.382175,0.527763
0.248923,0.537494,0.213583
0.043059,0.319744,0.637197
0.170943,0.319286,0.509771
0.199453,0.303350,0.497198
0.333609,0.478302,0.188090
0.192478,0.348649,0.458873
0.217846,0.454150,0.328004
0.167172,0.403527,0.429301
0.046442,0.235135,0.718423
0.100525,0.404363,0.495113
0.210656,0.436521,0.352823
0.195727,0.465360,0.338913
0.179467,0.367001,0.453532
0.324742,0.440446,0.234812
0.158514,0.458040,0.383445
0.060130,0.205921,0.733949
0.166610,0.459747,0.373643
0.352182,0.405901,0.241917
0.059728,0.428512,0.511761
0.185739,0.648526,0.165736
0.176311,0.408162,0.415527
0.096820,0.280081,0.623099
0.489399,0.428494,0.082106
0.265390,0.606472,0.128138
0.149711,0.437691,0.412598
0.199462,0.380928,0.419609
0.668715,0.327878,0.003407
0.293216,0.481893,0.224892
0.322536,0.522076,0.155388
0.053869,0.420163,0.525967
0.189167,0.480544,0.330289
0.061069,0.207759,0.731172
0.128045,0.296116,0.575838
0.028880,0.241209,0.729911
0.220903,0.391082,0.388015
0.210498,0.353434,0.436068
0.224633,0.543804,0.231562
0.029076,0.197458,0.773466
0.133413,0.405120,0.461468
0.133298,0.333368,0.533334
0.241709,0.448268,0.310023
0.224095,0.431061,0.344844
0.147486,0.306261,0.546253
0.032737,0.208434,0.758829
0.447263,0.401650,0.151087
0.112468,0.387271,0.500261
0.183800,0.390887,0.425314
0.027474,0.166014,0.806512
0.178534,0.373709,0.447756
0.262750,0.508569,0.228681
0.441279,0.471774,0.086947
0.161226,0.484755,0.354020
0.406759,0.537445,0.055796
0.133441,0.535587,0.330972
0.111312,0.306370,0.582317
0.076718,0.286881,0.636401
0.090167,0.330996,0.578837
0.080681,0.363848,0.555472
0.272783,0.557650,0.169567
0.107715,0.394074,0.498212
0.033896,0.212611,0.753494
0.055630,0.196335,0.748035
0.154465,0.348534,0.497001
0.154822,0.392784,0.452394
0.115025,0.337163,0.547812
0.190824,0.428396,0.380780
0.067607,0.200307,0.732086
0.077593,0.344705,0.577701
0.193252,0.308442,0.498306
0.094116,0.305795,0.600089
0.390655,0.551638,0.057706
0.496836,0.454351,0.048813
0.480483,0.491018,0.028499
0.165341,0.394297,0.440362
0.193054,0.400611,0.406335
0.113621,0.340504,0.545875
0.104485,0.408216,0.487300
0.091692,0.316338,0.591970
0.339116,0.537040,0.123844
0.063355,0.369309,0.567336
0.083130,0.222290,0.694580
0.462560,0.414516,0.122924
0.208204,0.400198,0.391598
0.357654,0.564002,0.078344
0.240969,0.412066,0.346965
0.164494,0.352607,0.482900
0.322685,0.558609,0.118705
0.500146,0.383349,0.116505
0.077568,0.393925,0.528507
0.288891,0.431364,0.279745
0.059636,0.361289,0.579075
0.231901,0.419346,0.348753
0.156983,0.371394,0.471623
0.262077,0.395913,0.342009
0.391033,0.475105,0.133862
0.293219,0.540985,0.165796
0.128749,0.254693,0.616558
0.068905,0.293184,0.637911
0.370377,0.534020,0.095603
0.084992,0.309029,0.605978
0.586754,0.404515,0.008731
0.381779,0.400703,0.217518
0.037867,0.241162,0.720971
0.171895,0.408573,0.419532
0.103545,0.249377,0.647078
0.141453,0.413234,0.445312
0.134817,0.482818,0.382365
0.156357,0.355201,0.488442
0.169861,0.526399,0.303739
0.217212,0.499551,0.283237
0.029226,0.229927,0.740848
0.274932,0.611739,0.113329
0.126548,0.437832,0.435619
0.092527,0.251217,0.656256
0.389162,0.528778,0.082060
0.511980,0.461125,0.026895
0.096930,0.227682,0.675388
0.123236,0.309154,0.567609
0.166534,0.351863,0.481603
0.251697,0.404902,0.343401
0.435244,0.378689,0.186068
0.181112,0.410813,0.408075
0.183062,0.427779,0.389159
0.327961,0.549800,0.122239
0.076863,0.210572,0.712565
0.360027,0.482198,0.157775
0.393810,0.424553,0.181637
0.082056,0.208614,0.709331
0.068000,0.166955,0.765045
0.106402,0.334092,0.559506
0.120093,0.351814,0.528094
0.240863,0.469321,0.289816
0.171592,0.443542,0.384866
0.158043,0.356622,0.485335
0.194924,0.475227,0.329849
0.197142,0.444971,0.357887
0.331395,0.522349,0.146256
0.381218,0.496676,0.122106
0.693252,0.298400,0.008348
0.169959,0.433603,0.396438
0.272079,0.676533,0.051388
0.303744,0.498621,0.197635
0.404220,0.466669,0.129111
0.445988,0.483870,0.070143
0.074362,0.375435,0.550203
0.174270,0.365391,0.460339
0.243027,0.504831,0.252142
0.135748,0.390269,0.473983
0.279099,0.592956,0.127944
0.634847,0.329543,0.035610
0.389416,0.578853,0.031731
0.093454,0.524133,0.382413
0.202657,0.617575,0.179768
0.181422,0.467307,0.351270
0.087998,0.352394,0.559609
0.156281,0.266161,0.577559
0.058195,0.295761,0.646044
0.162898,0.391532,0.445570
0.375385,0.503554,0.121061
0.109482,0.292827,0.597691
0.056561,0.377088,0.566351
0.133157,0.326308,0.540536
0.162833,0.296971,0.540196
0.227970,0.372178,0.399852
0.154117,0.372858,0.473025
0.095113,0.438491,0.466397
0.217252,0.542795,0.239953
0.157010,0.613102,0.229889
0.284532,0.448720,0.266748
0.280072,0.481231,0.238697
0.094789,0.254159,0.651053
0.177937,0.402648,0.419415
0.357562,0.380017,0.262420
0.187543,0.447199,0.365258
0.356200,0.561171,0.082629
0.467157,0.499664,0.033179
0.553165,0.362702,0.084133
0.106060,0.291265,0.602674
0.067917,0.286389,0.645694
0.137265,0.393252,0.469483
0.054155,0.167270,0.778575
0.161885,0.295749,0.542366
0.081839,0.246337,0.671823
0.101736,0.340580,0.557684
0.160240,0.416023,0.423737
0.512314,0.442449,0.045237
0.117864,0.325798,0.556338
0.360297,0.374797,0.264906
0.119641,0.407198,0.473162
0.382186,0.549381,0.068433
0.201501,0.373178,0.425321
0.441170,0.535453,0.023378
0.140483,0.389274,0.470243
0.047509,0.260979,0.691512
0.147999,0.371656,0.480346
0.146845,0.457601,0.395554
0.670000,0.309554,0.020447
0.023620,0.180734,0.795646
0.082349,0.248999,0.668652
0.166093,0.360766,0.473141
0.029989,0.236588,0.733422
0.185267,0.443107,0.371626
0.192622,0.362233,0.445145
0.031962,0.324461,0.643577
0.240796,0.583083,0.176121
0.070866,0.325306,0.603828
0.080195,0.317736,0.602069
0.134789,0.278312,0.586900
0.418663,0.564566,0.016771
0.188730,0.545362,0.265908
0.143275,0.383226,0.473499
0.498626,0.485902,0.015472
0.144720,0.403422,0.451858
0.207126,0.493718,0.299156
0.306013,0.514582,0.179405
0.417786,0.542550,0.039665
0.333126,0.524114,0.142760
0.429028,0.536832,0.034140
0.072677,0.211543,0.715780
0.661941,0.328125,0.009934
0.092429,0.257243,0.650328
0.080987,0.406111,0.512902
0.702717,0.272946,0.024337
0.121049,0.328213,0.550738
0.099118,0.325273,0.575610
0.261566,0.364659,0.373775
0.143892,0.532952,0.323156
0.118183,0.326996,0.554821
0.177408,0.429880,0.392712
0.059979,0.198959,0.741063
0.091793,0.411347,0.496860
0.067996,0.427228,0.504775
0.092119,0.314170,0.593711
0.169630,0.321005,0.509365
